// Cout total de la solution
6878

// Description de la solution
// Cycles
41	226	
150	174	276	
99	262	240	
52	92	224	
34	40	
189	234	275	
156	235	162	
137	185	201	
76	211	
94	121	117	
104	106	169	
144	199	271	
46	181	
105	130	219	
182	197	223	
54	143	
67	158	71	


// Chaines
3	187	70	
6	170	172	225	51	129	109	177	
18	124	
19	159	
1	125	
20	73	83	171	
4	268	196	241	
21	218	
10	77	229	120	198	90	242	84	61	
8	263	220	88	
13	213	180	151	207	
16	118	
9	247	221	43	89	
11	214	110	127	
2	147	155	
26	216	36	
23	142	248	
14	274	173	
25	164	
28	184	
17	148	243	146	134	35	75	253	132	244	116	
27	231	
24	48	
22	252	
7	57	141	119	250	
