// Cout total de la solution
9868

// Description de la solution
// Cycles
137	270	295	
239	138	325	
172	187	
275	216	120	
316	222	324	
100	151	
148	233	176	
160	177	
119	204	244	
135	287	
242	300	
149	290	248	
175	281	
108	303	179	
202	245	197	
168	310	166	
220	297	294	
136	243	181	
103	247	150	
304	254	319	
110	292	104	


// Chaines
10	127	93	331	249	
65	228	
83	105	332	
57	288	
73	164	
3	309	
27	269	223	
44	99	
50	106	123	141	326	314	
56	87	
66	237	
79	203	161	
4	116	251	
30	298	
23	159	91	
58	224	165	
42	219	
43	115	
82	217	
53	182	145	112	184	
64	226	
80	274	
2	329	
61	189	144	
6	317	
12	328	
52	94	
54	173	
5	218	157	
13	225	142	
49	313	
36	215	
60	188	
69	291	
70	306	322	
11	86	
14	199	
35	163	
45	241	283	
78	152	
76	205	282	213	
29	122	
34	267	192	
63	201	327	
67	180	
47	308	162	
77	97	259	
48	124	90	
31	255	
75	263	
1	96	
39	240	
40	305	
38	252	84	
41	234	
7	178	155	289	
8	88	
9	235	158	147	210	
55	276	260	
18	286	256	200	206	
74	117	
