// Cout total de la solution
5731

// Description de la solution
// Cycles
41	226	35	
150	174	276	
99	262	240	
52	92	224	
34	40	
189	234	275	
141	235	162	
137	201	225	
76	211	
94	121	117	
110	106	169	
144	199	271	
46	181	
77	229	242	
105	130	219	
243	146	134	
182	197	223	
54	143	
67	158	71	


// Chaines
3	187	70	
6	51	129	109	
18	124	
19	159	
1	125	
20	73	83	171	
4	268	196	241	
21	218	
10	84	61	
8	263	220	88	
13	213	180	151	
16	118	
9	247	221	43	
11	214	104	
2	147	120	198	
26	216	36	75	
23	142	248	
14	274	173	
25	156	
28	184	
17	148	132	244	
27	231	89	
24	48	
22	252	
7	57	119	250	
