// Cout total de la solution
7733

// Description de la solution
// Cycles
150	174	73	83	218	
144	199	268	231	271	
52	224	
235	162	156	
29	41	226	94	62	
137	51	129	109	201	
76	236	35	75	211	
46	181	
77	229	69	
105	92	275	130	
243	146	134	
120	198	90	110	262	
182	197	223	
54	143	


// Chaines
3	187	70	
6	170	172	225	212	37	177	
18	124	
19	159	
1	125	
16	232	141	89	106	185	99	153	186	74	33	189	234	221	219	84	61	
8	263	220	88	
13	213	180	151	207	
26	67	158	71	276	100	34	40	242	169	238	277	
9	247	154	145	241	
11	214	104	
2	147	210	
21	131	240	
23	142	248	
20	255	
14	274	173	
28	184	
17	148	132	244	116	
24	48	
10	43	
25	164	
22	252	
7	57	119	250	
